5.46448e-04,2.57377e-01,1.14754e-02,6.01093e-03,1.15301e-01,1.69399e-02,5.46448e-04,5.46448e-04,5.46448e-04,5.46448e-04,1.09836e-01,5.46448e-04,5.46448e-04,5.46448e-04,4.42623e-02,2.78689e-02,1.14754e-02,5.46448e-04,5.46448e-04,2.08197e-01,5.46448e-04,7.15847e-02,5.46448e-04,6.06557e-02,1.14754e-02,5.46448e-04,5.46448e-04,1.69399e-02,5.46448e-04,2.24044e-02
6.71111e-02,4.44444e-04,4.44444e-04,4.44444e-04,6.26667e-02,4.88889e-03,4.44444e-04,4.44444e-04,4.44444e-04,4.44444e-04,4.88889e-03,4.44444e-04,4.44444e-04,4.44444e-04,8.49333e-01,4.44444e-04,4.44444e-04,4.44444e-04,4.44444e-04,4.44444e-04,4.44444e-04,4.44444e-04,4.44444e-04,4.44444e-04,4.44444e-04,4.44444e-04,4.44444e-04,4.44444e-04,4.44444e-04,4.44444e-04
6.79012e-03,2.16667e-01,1.85802e-01,6.17284e-04,5.00000e-02,6.17284e-04,6.17284e-04,6.79012e-03,6.17284e-04,6.17284e-04,1.91358e-02,6.17284e-04,6.17284e-04,6.17284e-04,1.29630e-02,5.00000e-02,6.17284e-04,2.53086e-02,6.17284e-04,2.90741e-01,1.24074e-01,6.17284e-04,6.17284e-04,6.17284e-04,6.17284e-04,6.17284e-04,6.17284e-04,6.17284e-04,6.17284e-04,6.17284e-04
5.15464e-04,1.39691e-01,5.67010e-03,5.67010e-03,1.59794e-02,5.15464e-04,1.59794e-02,5.15464e-04,5.15464e-04,5.67010e-03,5.72165e-02,5.15464e-04,5.15464e-04,5.15464e-04,5.67010e-03,1.13918e-01,5.15464e-04,5.15464e-04,5.15464e-04,5.15464e-04,5.20619e-02,2.32474e-01,4.69072e-02,5.15464e-04,5.15464e-04,3.65979e-02,5.15464e-04,1.96392e-01,6.23711e-02,5.15464e-04
2.31939e-02,1.10646e-01,2.31939e-02,3.80228e-04,1.93916e-02,3.80228e-04,3.80228e-04,1.17871e-02,6.50190e-02,3.80228e-04,1.25856e-01,3.80228e-04,7.98479e-03,3.80228e-04,3.80228e-04,3.80228e-04,2.09506e-01,3.80228e-04,3.80228e-04,2.01901e-01,1.55894e-02,1.60076e-01,3.80228e-04,3.80228e-04,3.80228e-04,7.98479e-03,1.17871e-02,3.80228e-04,3.80228e-04,3.80228e-04
5.20833e-04,2.34896e-01,5.20833e-04,5.20833e-04,5.20833e-04,5.72917e-03,5.20833e-04,5.20833e-04,5.20833e-04,5.20833e-04,9.42708e-02,5.20833e-04,5.20833e-04,2.13542e-02,1.56771e-01,5.20833e-04,5.20833e-04,5.20833e-04,5.20833e-04,5.20833e-04,8.90625e-02,2.19271e-01,4.21875e-02,4.73958e-02,1.61458e-02,5.20833e-04,5.20833e-04,6.30208e-02,5.20833e-04,5.20833e-04
5.71429e-04,1.26286e-01,5.71429e-04,5.71429e-04,9.20000e-02,5.71429e-04,6.28571e-03,6.28571e-03,2.69143e-01,6.28571e-03,6.28571e-03,5.71429e-04,5.71429e-04,6.34286e-02,5.77143e-02,1.03429e-01,5.71429e-04,5.71429e-04,2.34286e-02,5.71429e-04,9.77143e-02,5.71429e-04,5.71429e-04,1.20571e-01,6.28571e-03,5.71429e-04,6.28571e-03,5.71429e-04,5.71429e-04,5.71429e-04
4.97512e-04,2.29353e-01,4.97512e-04,4.97512e-04,4.97512e-04,4.97512e-04,1.99502e-01,4.97512e-04,5.47264e-03,4.97512e-04,1.09950e-01,4.97512e-04,4.97512e-04,4.97512e-04,3.53234e-02,1.69652e-01,4.97512e-04,4.97512e-04,4.97512e-04,1.54229e-02,4.97512e-04,4.97512e-04,4.97512e-04,1.14925e-01,4.97512e-04,2.53731e-02,4.97512e-04,7.51244e-02,1.04478e-02,4.97512e-04
4.00000e-04,8.84000e-02,2.44400e-01,4.00000e-04,4.00000e-04,4.00000e-04,4.00000e-04,4.40000e-03,4.00000e-04,4.00000e-04,6.04000e-02,4.00000e-04,4.00000e-04,4.00000e-04,1.24400e-01,5.64000e-02,6.44000e-02,7.64000e-02,4.00000e-04,4.00000e-04,1.36400e-01,4.00000e-04,3.64000e-02,7.64000e-02,4.00000e-04,8.40000e-03,4.00000e-04,1.64000e-02,4.00000e-04,4.00000e-04
3.84615e-04,1.46538e-01,2.85000e-01,3.84615e-04,6.19231e-02,3.84615e-04,3.84615e-04,6.57692e-02,3.84615e-04,3.84615e-04,8.11538e-02,3.84615e-04,3.84615e-04,3.84615e-04,3.84615e-04,3.84615e-04,3.84615e-04,4.23077e-03,4.23077e-03,3.84615e-04,1.54231e-01,3.84615e-04,3.84615e-04,3.84615e-04,3.84615e-04,7.34615e-02,3.84615e-04,3.84615e-04,1.96154e-02,9.65385e-02
7.63889e-03,1.95139e-01,3.68750e-01,8.40278e-02,4.23611e-02,6.94444e-04,6.94444e-04,6.94444e-04,6.94444e-04,6.94444e-04,6.94444e-04,6.94444e-04,6.94444e-04,6.94444e-04,1.45833e-02,2.15278e-02,6.94444e-04,7.01389e-02,3.54167e-02,2.15278e-02,7.63889e-03,2.84722e-02,6.94444e-04,2.84722e-02,6.94444e-04,6.94444e-04,6.94444e-04,6.31944e-02,6.94444e-04,6.94444e-04
1.03448e-02,2.86207e-01,4.92611e-04,4.92611e-04,4.92611e-04,4.92611e-04,4.92611e-04,4.92611e-04,4.92611e-04,4.92611e-04,9.90148e-02,4.92611e-04,4.92611e-04,4.92611e-04,4.92611e-04,4.48276e-02,4.92611e-04,4.92611e-04,4.92611e-04,4.92611e-04,5.41872e-03,2.51232e-02,1.03448e-02,5.41872e-03,4.92611e-04,3.00493e-02,4.92611e-04,4.73399e-01,4.92611e-04,4.92611e-04
2.88136e-02,2.49153e-01,5.64972e-04,5.64972e-04,6.21469e-03,5.64972e-04,5.64972e-04,6.21469e-03,5.64972e-04,5.64972e-04,5.64972e-04,5.64972e-04,5.64972e-04,6.21469e-03,1.18644e-02,8.53107e-02,5.64972e-04,4.57627e-02,1.02260e-01,3.50847e-01,3.44633e-02,5.64972e-04,5.64972e-04,5.64972e-04,5.64972e-04,5.64972e-04,1.18644e-02,5.64972e-04,5.64972e-04,5.14124e-02
4.25532e-04,3.36596e-01,4.72340e-02,4.25532e-04,4.25532e-04,1.96170e-01,1.11064e-01,4.25532e-04,6.42553e-02,2.17021e-02,4.29787e-02,4.25532e-04,4.25532e-04,4.25532e-04,4.25532e-04,6.85106e-02,4.25532e-04,4.25532e-04,2.17021e-02,4.68085e-03,4.25532e-04,4.25532e-04,2.17021e-02,4.25532e-04,4.25532e-04,4.25532e-04,4.25532e-04,4.25532e-04,5.57447e-02,4.25532e-04
7.29927e-04,1.83212e-01,5.18978e-01,7.29927e-04,7.29927e-04,7.29927e-04,7.29927e-04,7.29927e-04,7.29927e-04,7.29927e-04,6.64234e-02,7.29927e-04,7.29927e-04,7.29927e-04,7.29927e-04,6.64234e-02,7.29927e-04,7.29927e-04,7.29927e-04,7.29927e-04,7.37226e-02,7.29927e-04,7.29927e-04,7.29927e-04,7.29927e-04,3.72263e-02,8.02920e-03,7.29927e-04,2.99270e-02,7.29927e-04
3.89105e-04,2.72763e-01,2.37354e-02,3.89105e-04,3.89105e-04,1.13230e-01,3.89105e-04,3.89105e-04,3.89105e-04,1.05447e-01,4.31907e-02,4.28016e-03,3.89105e-04,1.24903e-01,3.89105e-04,3.89105e-04,3.89105e-04,3.89105e-04,3.89105e-04,3.89105e-04,3.89105e-04,3.89105e-04,3.89105e-04,3.89105e-04,3.89105e-04,8.17121e-03,3.89105e-04,3.89105e-04,1.20623e-02,2.84436e-01
7.96610e-02,9.09605e-02,5.64972e-04,5.64972e-04,1.24859e-01,1.07910e-01,5.64972e-04,5.64972e-04,5.64972e-04,5.64972e-04,1.92655e-01,5.64972e-04,5.64972e-04,5.64972e-04,5.64972e-04,2.66102e-01,6.21469e-03,5.64972e-04,5.64972e-04,5.64972e-04,5.64972e-04,5.64972e-04,5.64972e-04,2.31638e-02,4.01130e-02,5.64972e-04,5.64972e-04,5.64972e-04,5.70621e-02,5.64972e-04
7.42647e-02,1.91912e-01,8.08824e-03,7.35294e-04,6.69118e-02,7.42647e-02,7.35294e-04,7.35294e-04,7.42647e-02,7.35294e-04,8.89706e-02,7.35294e-04,7.35294e-04,7.35294e-04,7.35294e-04,5.22059e-02,7.35294e-04,8.08824e-03,2.27941e-02,1.25735e-01,1.47794e-01,7.35294e-04,7.35294e-04,7.35294e-04,1.54412e-02,7.35294e-04,7.35294e-04,8.08824e-03,3.01471e-02,7.35294e-04
6.62461e-03,1.70662e-01,3.15457e-04,3.15457e-04,3.15457e-04,1.89590e-01,2.71609e-01,3.15457e-04,3.15457e-04,3.15457e-04,3.15457e-04,3.15457e-04,3.15457e-04,3.47003e-03,3.15457e-04,3.47003e-03,3.15457e-04,3.47003e-03,3.15457e-04,3.15457e-04,3.18612e-02,2.23975e-02,1.29338e-02,4.13249e-02,6.02524e-02,4.76341e-02,7.28707e-02,9.77918e-03,2.23975e-02,2.55521e-02
6.71141e-04,1.75168e-01,7.38255e-03,6.71141e-04,6.71141e-04,6.77852e-02,7.44966e-02,6.71141e-04,7.38255e-03,6.71141e-04,2.75168e-02,6.71141e-04,6.71141e-04,2.08054e-02,1.81879e-01,6.71141e-04,6.71141e-04,6.71141e-04,6.71141e-04,1.01342e-01,6.71141e-04,6.71141e-04,2.75168e-02,1.41611e-01,6.71141e-04,6.71141e-04,1.40940e-02,1.41611e-01,6.71141e-04,6.71141e-04
6.21118e-04,2.18012e-01,3.16770e-02,6.21118e-04,6.21118e-04,2.54658e-02,6.21118e-04,6.21118e-04,6.21118e-04,1.92547e-02,6.21118e-04,6.21118e-04,6.21118e-04,6.21118e-04,6.21118e-04,1.06211e-01,6.21118e-04,4.40994e-02,6.21118e-04,7.51553e-02,9.37888e-02,6.21118e-04,6.21118e-04,6.21118e-04,6.21118e-04,6.21118e-04,6.21118e-04,3.73292e-01,6.21118e-04,6.21118e-04
6.26667e-02,4.44444e-04,4.44444e-04,4.44444e-04,7.15556e-02,4.44444e-04,4.44444e-04,4.44444e-04,4.44444e-04,4.44444e-04,4.44444e-04,4.44444e-04,4.44444e-04,4.44444e-04,8.49333e-01,4.44444e-04,4.44444e-04,4.44444e-04,4.44444e-04,4.44444e-04,4.44444e-04,4.44444e-04,4.44444e-04,4.44444e-04,4.44444e-04,4.44444e-04,4.44444e-04,4.44444e-04,4.88889e-03,4.44444e-04
5.68182e-04,2.78977e-01,5.68182e-04,5.68182e-04,8.57955e-02,4.03409e-02,4.03409e-02,5.68182e-04,5.68182e-04,5.68182e-04,2.32955e-02,5.68182e-04,5.68182e-04,6.25000e-03,5.68182e-04,1.82386e-01,5.68182e-04,5.68182e-04,5.68182e-04,6.87500e-02,1.36932e-01,5.68182e-04,5.68182e-04,5.68182e-04,1.76136e-02,8.01136e-02,5.68182e-04,5.68182e-04,5.68182e-04,2.89773e-02
6.89655e-04,2.69655e-01,3.52414e-01,4.20690e-02,6.96552e-02,6.89655e-04,6.89655e-04,6.89655e-04,6.89655e-04,6.89655e-04,6.96552e-02,6.89655e-04,6.89655e-04,6.89655e-04,1.44828e-02,6.89655e-04,6.89655e-04,7.58621e-03,8.34483e-02,6.89655e-04,4.20690e-02,6.89655e-04,7.58621e-03,6.89655e-04,7.58621e-03,6.89655e-04,6.89655e-04,2.13793e-02,6.89655e-04,6.89655e-04
1.99359e-01,1.48077e-01,1.03205e-01,6.41026e-04,6.41026e-04,4.55128e-02,1.98718e-02,2.62821e-02,6.41026e-04,6.41026e-04,6.41026e-04,6.41026e-04,6.41026e-04,6.41026e-04,6.41026e-04,2.76282e-01,6.41026e-04,1.03205e-01,6.41026e-04,6.41026e-04,7.05128e-03,6.41026e-04,6.41026e-04,6.41026e-04,6.41026e-04,6.41026e-04,6.41026e-04,5.83333e-02,6.41026e-04,6.41026e-04
3.56410e-01,2.62393e-01,3.13390e-03,2.84900e-04,1.16809e-02,1.42735e-01,2.84900e-04,2.84900e-04,2.84900e-04,2.84900e-04,3.13390e-03,2.84900e-04,3.13390e-03,2.84900e-04,2.84900e-04,2.84900e-04,3.13390e-03,4.30199e-02,1.73789e-02,2.30769e-02,3.13390e-03,8.83191e-03,2.84900e-04,2.84900e-04,2.84900e-04,4.87179e-02,3.73219e-02,2.84900e-04,2.87749e-02,2.84900e-04
3.37838e-04,2.84122e-01,3.37838e-04,3.37838e-04,5.77703e-02,3.37838e-04,3.37838e-04,3.37838e-04,3.37838e-04,3.71622e-03,9.15541e-02,3.37838e-04,3.37838e-04,3.71622e-03,4.42568e-02,1.86149e-01,1.72297e-02,3.37838e-04,3.37838e-04,3.37838e-04,5.77703e-02,1.55743e-01,3.37838e-04,8.47973e-02,3.37838e-04,7.09459e-03,3.37838e-04,3.37838e-04,3.37838e-04,3.37838e-04
5.74713e-04,1.44253e-01,5.74713e-04,5.74713e-04,5.74713e-04,5.74713e-04,2.93678e-01,5.74713e-04,5.74713e-04,1.20690e-02,2.35632e-02,6.32184e-03,5.74713e-04,2.35632e-02,6.37931e-02,5.74713e-04,5.74713e-04,5.74713e-04,5.74713e-04,5.74713e-04,1.20690e-02,6.32184e-03,5.74713e-04,2.64943e-01,5.74713e-04,6.32184e-03,5.74713e-04,2.93103e-02,1.04023e-01,5.74713e-04
5.43478e-04,2.07065e-01,5.43478e-04,5.43478e-04,5.43478e-04,5.43478e-04,5.43478e-04,5.43478e-04,5.43478e-04,1.14130e-02,1.47283e-01,5.43478e-04,5.43478e-04,5.43478e-04,5.43478e-04,3.31522e-02,5.97826e-03,1.68478e-02,5.43478e-04,5.43478e-04,5.48913e-02,7.11957e-02,5.43478e-04,5.43478e-04,5.97826e-03,5.97826e-03,5.43478e-04,3.26630e-01,1.03804e-01,5.43478e-04
1.15385e-02,1.32418e-01,2.14835e-01,1.21429e-01,2.80220e-02,5.49451e-04,5.49451e-04,5.49451e-04,5.49451e-04,5.49451e-04,5.49451e-04,1.70330e-02,5.49451e-04,5.49451e-04,5.49451e-04,1.15385e-02,5.49451e-04,5.49451e-04,3.35165e-02,5.49451e-04,5.49451e-04,5.49451e-04,5.49451e-04,5.49451e-04,5.49451e-04,2.31319e-01,5.49451e-04,8.29670e-02,1.04945e-01,5.49451e-04
5.55556e-04,2.28333e-01,1.16667e-02,5.55556e-04,5.55556e-04,1.72222e-02,3.94444e-02,1.72222e-02,6.72222e-02,5.55556e-04,5.55556e-04,5.55556e-04,5.55556e-04,5.55556e-04,1.72222e-02,5.05556e-02,5.55556e-04,1.16667e-02,5.55556e-04,3.61667e-01,6.16667e-02,5.55556e-04,5.55556e-04,9.50000e-02,5.55556e-04,5.55556e-04,5.55556e-04,1.16667e-02,5.55556e-04,5.55556e-04
6.25000e-04,3.13125e-01,6.25000e-04,6.25000e-04,6.93750e-02,1.31250e-02,6.25000e-04,6.25000e-04,6.25000e-04,6.87500e-03,6.25000e-04,6.25000e-04,6.25000e-04,6.87500e-03,6.87500e-03,1.38125e-01,6.25000e-04,6.25000e-04,6.25000e-04,6.25000e-04,6.25000e-04,2.50625e-01,6.25000e-04,1.13125e-01,6.25000e-04,6.25000e-04,6.25000e-04,6.93750e-02,6.25000e-04,6.25000e-04
4.29185e-04,2.62232e-01,1.54936e-01,9.05579e-02,1.63519e-01,4.29185e-04,4.29185e-04,6.90987e-02,9.01288e-03,4.29185e-04,4.29185e-04,1.75966e-02,4.29185e-04,4.29185e-04,4.72103e-03,4.29185e-04,4.72103e-03,4.29185e-04,4.29185e-04,4.29185e-04,8.19742e-02,1.33047e-02,4.76395e-02,2.61803e-02,4.29185e-04,4.76395e-02,4.29185e-04,4.29185e-04,4.29185e-04,4.29185e-04
5.40541e-04,3.41081e-01,9.78378e-02,5.40541e-04,5.40541e-04,5.40541e-04,5.40541e-04,5.40541e-04,5.40541e-04,5.94595e-03,1.30270e-01,5.40541e-04,5.40541e-04,5.40541e-04,5.40541e-04,5.94595e-03,5.40541e-04,1.13514e-02,5.94595e-03,2.32973e-01,5.40541e-04,5.40541e-04,5.40541e-04,1.35676e-01,1.67568e-02,5.40541e-04,5.40541e-04,5.40541e-04,5.40541e-04,5.94595e-03
7.45192e-03,1.75721e-01,2.64423e-03,2.64423e-03,1.70673e-02,2.40385e-04,2.64423e-03,2.40385e-04,4.11058e-02,2.40385e-04,2.40385e-04,2.40385e-04,2.64423e-03,5.04808e-03,1.46635e-02,4.59135e-02,5.04808e-03,2.40385e-04,2.64423e-03,1.46635e-02,2.90865e-02,3.12740e-01,2.40385e-04,6.27404e-02,4.59135e-02,5.04808e-03,2.64423e-03,4.83173e-02,1.27644e-01,2.42788e-02
2.49481e-01,1.66436e-01,3.46021e-04,3.46021e-04,3.46021e-04,2.04498e-01,3.46021e-04,3.80623e-03,3.46021e-04,1.14533e-01,5.91696e-02,3.80623e-03,4.18685e-02,1.76471e-02,3.46021e-04,3.46021e-04,3.46021e-04,3.46021e-04,3.46021e-04,3.46021e-04,7.26644e-03,3.46021e-04,2.80277e-02,3.46021e-04,3.46021e-04,7.64706e-02,3.46021e-04,3.46021e-04,3.46021e-04,2.11073e-02
4.36681e-04,2.58079e-01,4.36681e-04,4.36681e-04,1.79039e-02,7.46725e-02,1.35371e-02,4.36681e-04,4.36681e-04,6.15721e-02,1.79476e-01,4.36681e-04,4.36681e-04,4.36681e-04,4.36681e-04,4.36681e-04,4.36681e-04,1.22707e-01,2.66376e-02,4.36681e-04,4.36681e-04,4.36681e-04,4.36681e-04,4.36681e-04,4.36681e-04,4.36681e-04,2.27511e-01,4.36681e-04,9.17031e-03,4.36681e-04
5.55556e-04,2.83889e-01,4.50000e-02,1.72222e-02,1.17222e-01,5.55556e-04,1.16667e-02,5.55556e-04,5.55556e-04,5.55556e-04,8.38889e-02,5.55556e-04,5.55556e-04,5.55556e-04,5.55556e-04,1.11667e-01,1.16667e-02,5.55556e-04,5.55556e-04,1.16667e-02,2.56111e-01,6.11111e-03,5.55556e-04,5.55556e-04,6.11111e-03,5.55556e-04,5.55556e-04,5.55556e-04,2.83333e-02,5.55556e-04
5.36585e-03,2.73659e-01,4.87805e-04,4.87805e-04,5.41463e-02,8.34146e-02,4.87805e-04,4.87805e-04,4.87805e-04,4.87805e-04,7.36585e-02,1.12683e-01,5.36585e-03,4.87805e-04,4.87805e-04,4.87805e-04,5.36585e-03,5.36585e-03,4.87805e-04,4.87805e-04,4.87805e-04,4.87805e-04,4.87805e-04,4.87805e-04,1.02439e-02,4.87805e-04,5.41463e-02,4.87805e-04,4.87805e-04,3.07805e-01
5.85761e-02,1.68608e-01,3.23625e-04,3.23625e-04,3.23625e-04,1.65049e-02,3.23625e-04,3.23625e-04,4.40453e-01,3.23625e-04,3.23625e-04,3.23625e-04,3.23625e-04,3.23625e-04,3.23625e-04,3.23625e-04,1.00324e-02,1.10356e-01,3.23625e-04,3.23625e-04,3.23625e-04,3.23625e-04,1.00324e-02,3.23625e-04,3.23625e-04,3.23625e-04,3.23625e-04,1.65049e-02,4.23948e-02,1.20065e-01
7.80142e-03,2.41844e-01,7.09220e-04,7.09220e-04,4.32624e-02,4.32624e-02,7.09220e-04,2.90780e-02,7.09220e-04,7.09220e-04,7.09220e-04,7.09220e-04,7.09220e-04,7.09220e-04,7.09220e-04,1.21277e-01,1.14184e-01,7.09220e-04,1.07092e-01,2.19858e-02,2.56028e-01,7.09220e-04,7.09220e-04,7.09220e-04,7.09220e-04,7.09220e-04,7.09220e-04,7.09220e-04,7.09220e-04,7.09220e-04
3.35468e-01,1.63054e-01,4.92611e-04,1.03448e-02,4.92611e-04,2.27094e-01,4.92611e-04,4.92611e-04,4.92611e-04,4.92611e-04,4.92611e-04,4.92611e-04,4.92611e-04,4.92611e-04,4.92611e-04,4.92611e-04,1.03448e-02,1.08867e-01,4.92611e-04,6.45320e-02,4.92611e-04,4.92611e-04,4.92611e-04,4.92611e-04,4.92611e-04,4.92611e-04,4.92611e-04,4.92611e-04,6.94581e-02,4.92611e-04
6.49351e-04,1.75974e-01,6.49351e-04,6.49351e-04,6.49351e-04,6.49351e-04,6.49351e-04,6.49351e-04,6.49351e-04,6.49351e-04,6.49351e-04,6.49351e-04,6.49351e-04,6.49351e-04,7.85714e-02,4.29221e-01,6.49351e-04,7.85714e-02,6.49351e-04,2.01299e-02,6.49351e-04,6.49351e-04,6.49351e-04,5.25974e-02,6.49351e-04,7.20779e-02,2.01299e-02,6.49351e-04,5.90909e-02,6.49351e-04
4.93056e-02,2.43750e-01,6.94444e-04,6.94444e-04,6.94444e-04,1.60417e-01,6.94444e-04,6.94444e-04,6.94444e-04,6.94444e-04,6.94444e-04,6.94444e-04,6.94444e-04,6.94444e-04,6.94444e-04,4.23611e-02,6.94444e-04,6.94444e-04,4.24306e-01,6.94444e-04,6.94444e-04,6.94444e-04,6.94444e-04,6.94444e-04,6.94444e-04,6.94444e-04,6.94444e-04,7.63889e-03,5.62500e-02,6.94444e-04
8.04598e-03,3.03065e-01,3.83142e-04,4.21456e-03,3.83142e-04,1.15326e-01,3.83142e-04,3.83142e-04,3.83142e-04,1.18774e-02,8.46743e-02,3.48659e-02,2.18774e-01,2.72031e-02,3.83142e-04,3.83142e-04,3.83142e-04,1.95402e-02,9.23372e-02,3.83142e-04,3.83142e-04,3.83142e-04,2.72031e-02,3.83142e-04,3.10345e-02,3.83142e-04,3.83142e-04,3.83142e-04,1.57088e-02,3.83142e-04
7.60252e-02,1.35962e-01,3.50158e-02,3.15457e-04,3.47003e-03,1.48580e-01,1.51735e-01,3.15457e-04,3.47003e-03,6.62461e-03,7.60252e-02,3.47003e-03,1.23344e-01,3.15457e-04,3.15457e-04,6.02524e-02,3.15457e-04,3.15457e-04,3.18612e-02,3.15457e-04,3.15457e-04,3.15457e-04,9.49527e-02,3.15457e-04,3.15457e-04,2.87066e-02,3.47003e-03,3.15457e-04,1.29338e-02,3.15457e-04
2.86533e-04,2.58166e-01,1.74785e-02,2.86533e-04,2.86533e-04,1.89398e-01,2.86533e-04,2.86533e-04,2.86533e-04,3.15186e-03,2.86533e-04,5.75931e-02,1.46132e-02,2.86533e-04,3.15186e-03,2.86533e-04,2.86533e-04,4.89971e-02,5.75931e-02,1.17479e-02,2.86533e-04,6.01719e-03,5.47278e-02,2.86533e-04,3.46705e-02,2.60745e-02,2.86533e-04,2.12321e-01,2.86533e-04,2.86533e-04
5.40541e-04,3.30270e-01,5.40541e-04,5.40541e-04,5.40541e-04,1.46486e-01,1.13514e-02,4.37838e-02,5.40541e-04,5.40541e-04,1.62703e-01,5.40541e-04,1.24865e-01,2.21622e-02,5.40541e-04,1.14054e-01,5.40541e-04,1.67568e-02,5.40541e-04,5.40541e-04,5.40541e-04,5.40541e-04,5.40541e-04,5.40541e-04,5.94595e-03,5.94595e-03,5.40541e-04,5.40541e-04,5.40541e-04,5.94595e-03
3.84615e-04,1.00385e-01,3.84615e-04,3.84615e-04,3.84615e-04,1.61923e-01,3.84615e-04,8.07692e-03,3.84615e-04,3.84615e-04,1.46538e-01,2.23462e-01,2.73077e-02,3.84615e-04,3.84615e-04,3.84615e-04,3.84615e-04,3.84615e-04,3.84615e-04,3.84615e-04,3.84615e-04,3.84615e-04,3.84615e-04,4.23077e-03,1.19615e-01,2.34615e-02,3.50000e-02,3.84615e-04,1.19231e-02,1.31154e-01
6.38796e-02,1.50836e-01,3.34448e-04,3.34448e-04,2.37458e-02,4.38127e-02,3.34448e-04,7.02341e-03,7.02341e-03,2.04013e-02,3.34448e-04,6.38796e-02,1.37124e-02,3.34448e-04,2.04013e-02,1.03679e-02,3.34448e-04,3.34448e-04,3.34448e-04,3.34448e-04,3.34448e-04,3.34448e-04,3.67893e-03,3.34448e-04,3.34448e-04,1.44147e-01,4.38127e-02,3.34448e-04,3.34448e-04,3.78261e-01
2.96736e-04,2.43620e-01,2.96736e-04,2.40356e-02,2.96736e-04,7.15134e-02,2.96736e-04,6.23145e-03,2.96736e-04,9.19881e-03,6.85460e-02,2.10682e-02,2.96736e-04,2.96736e-04,2.96736e-04,2.96736e-04,2.96736e-04,2.96736e-04,1.51335e-02,2.96736e-04,2.96736e-04,2.96736e-04,2.10682e-02,2.96736e-04,1.01187e-01,5.96439e-02,2.40653e-01,6.23145e-03,6.23145e-03,1.01187e-01
6.66667e-04,3.40667e-01,6.66667e-04,2.06667e-02,1.40000e-02,6.66667e-04,6.66667e-04,2.20667e-01,6.66667e-04,6.66667e-04,1.34000e-01,1.40000e-02,6.66667e-04,6.66667e-04,7.40000e-02,7.33333e-03,6.66667e-04,6.66667e-04,6.66667e-04,6.66667e-04,6.66667e-04,6.66667e-04,1.40000e-02,6.66667e-04,6.66667e-04,8.73333e-02,3.40000e-02,6.66667e-04,6.66667e-04,2.73333e-02
4.60251e-03,2.05439e-01,2.51464e-01,4.18410e-04,1.29707e-02,1.29707e-02,4.18410e-04,4.18410e-04,4.18410e-04,4.18410e-04,1.09205e-01,4.18410e-04,4.18410e-04,4.18410e-04,8.78661e-03,1.13389e-01,4.18410e-04,4.18410e-04,4.60251e-03,2.97071e-02,1.71967e-01,4.18410e-04,4.18410e-04,4.18410e-04,4.18410e-04,4.18410e-04,1.29707e-02,4.18410e-04,2.13389e-02,3.38912e-02
7.05128e-03,3.33974e-01,6.41026e-04,6.41026e-04,6.41026e-04,6.41026e-04,6.41026e-04,1.98718e-02,6.41026e-04,6.41026e-04,9.67949e-02,6.41026e-04,6.41026e-04,6.41026e-04,7.05128e-03,6.41026e-04,6.41026e-04,6.41026e-04,7.05128e-03,6.41026e-04,1.34615e-02,6.41026e-04,4.49359e-01,2.62821e-02,6.41026e-04,7.05128e-03,1.34615e-02,6.41026e-04,6.41026e-04,7.05128e-03
6.06061e-04,2.97576e-01,6.06061e-04,6.06061e-04,6.06061e-04,6.12121e-02,6.06061e-04,6.06061e-04,4.30303e-02,6.06061e-04,2.48485e-02,6.06061e-04,6.06061e-04,6.06061e-04,6.06061e-04,1.46061e-01,1.87879e-02,3.69697e-02,6.06061e-04,2.24848e-01,5.51515e-02,6.06061e-04,3.09091e-02,2.48485e-02,6.06061e-04,2.48485e-02,6.06061e-04,6.06061e-04,6.06061e-04,6.06061e-04
4.40000e-03,2.32400e-01,4.00000e-04,4.40000e-03,4.00000e-04,7.64000e-02,4.00000e-04,3.64000e-02,4.40000e-03,4.00000e-04,4.00000e-04,4.00000e-04,4.00000e-04,8.04000e-02,4.00000e-04,4.00000e-04,4.00000e-04,4.00000e-04,4.00000e-04,4.00000e-04,4.00000e-04,4.00000e-04,8.40000e-03,4.00000e-04,2.84000e-02,1.04400e-01,1.64400e-01,4.40000e-03,4.00000e-04,2.44400e-01
7.04225e-04,2.33099e-01,7.04225e-04,7.04225e-04,7.04225e-04,1.20423e-01,7.04225e-04,1.47887e-02,7.04225e-04,7.04225e-04,9.22535e-02,7.04225e-04,7.04225e-04,7.04225e-04,7.04225e-04,1.27465e-01,7.04225e-04,7.04225e-04,7.04225e-04,7.04225e-04,7.04225e-04,7.04225e-04,7.04225e-04,7.04225e-04,7.04225e-04,7.04225e-04,7.04225e-04,3.95070e-01,7.04225e-04,7.04225e-04
8.19672e-04,1.15574e-01,8.19672e-04,9.01639e-03,8.19672e-04,1.56557e-01,8.19672e-04,1.15574e-01,8.19672e-04,9.01639e-03,8.19672e-04,9.01639e-03,8.19672e-04,2.54098e-02,8.19672e-04,8.19672e-04,2.54098e-02,8.19672e-04,1.72131e-02,8.19672e-04,8.19672e-04,8.19672e-04,4.18033e-02,8.19672e-04,9.01639e-03,3.36066e-02,3.86066e-01,3.36066e-02,8.19672e-04,8.19672e-04
5.80952e-02,2.39048e-01,9.52381e-04,9.52381e-04,9.52381e-04,4.85714e-02,9.52381e-04,9.52381e-04,9.52381e-04,9.52381e-04,2.00952e-01,9.52381e-04,9.52381e-04,9.52381e-04,9.52381e-04,9.52381e-04,9.52381e-04,1.04762e-02,9.52381e-04,9.52381e-04,9.52381e-04,4.85714e-02,1.05714e-01,9.52381e-04,1.04762e-02,9.52381e-04,2.29524e-01,9.52381e-04,2.95238e-02,9.52381e-04
6.32911e-04,1.58861e-01,6.32911e-04,6.96203e-03,6.32911e-04,8.92405e-02,2.59494e-02,1.96203e-02,6.32911e-04,6.32911e-04,3.22785e-02,6.32911e-04,6.32911e-04,6.32911e-04,6.32911e-04,6.32911e-04,1.32911e-02,6.32911e-04,6.32911e-04,6.32911e-04,6.32911e-04,6.32911e-04,6.32911e-04,6.96203e-03,1.84177e-01,6.32911e-04,1.39873e-01,8.29114e-02,5.12658e-02,1.77848e-01
1.13082e-02,2.57428e-01,2.21729e-04,2.21729e-04,2.43902e-03,6.00887e-02,2.21729e-04,2.21729e-04,2.21729e-04,6.87361e-03,6.00887e-02,4.23503e-02,2.21729e-04,2.21729e-04,2.21729e-04,2.21729e-04,2.21729e-04,2.21729e-04,2.21729e-04,4.65632e-03,2.21729e-04,4.45676e-02,2.21729e-04,1.79601e-02,2.21729e-04,1.13082e-02,4.52550e-01,2.21729e-04,6.87361e-03,1.79601e-02
2.89773e-02,2.10795e-01,5.68182e-04,5.68182e-04,5.68182e-04,5.73864e-02,2.89773e-02,5.68182e-04,5.68182e-04,5.68182e-04,5.68182e-04,5.68182e-04,5.68182e-04,1.76136e-02,5.68182e-04,5.68182e-04,6.25000e-03,2.32955e-02,5.68182e-04,5.68182e-04,5.68182e-04,5.68182e-04,4.43750e-01,5.68182e-04,4.03409e-02,5.68182e-04,5.68182e-04,5.68182e-04,3.46591e-02,9.71591e-02
2.88184e-04,2.10663e-01,6.05187e-03,2.88184e-04,3.77522e-02,4.35159e-02,2.88184e-04,2.88184e-04,2.88184e-04,2.13545e-01,8.93372e-03,2.88184e-04,2.88184e-04,2.88184e-04,6.05187e-03,2.36599e-01,2.88184e-04,5.50432e-02,2.88184e-04,2.88184e-04,2.88184e-04,2.88184e-04,1.18156e-02,2.88184e-04,2.88184e-04,4.63977e-02,2.88184e-04,2.88184e-04,1.06916e-01,1.18156e-02
1.17318e-02,2.74302e-01,5.58659e-04,5.58659e-04,3.40782e-02,1.73743e-01,5.58659e-04,7.31844e-02,5.58659e-04,5.58659e-04,4.52514e-02,7.87709e-02,5.58659e-04,5.08380e-02,1.73184e-02,5.58659e-04,5.58659e-04,5.58659e-04,5.58659e-04,5.58659e-04,5.58659e-04,5.58659e-04,2.84916e-02,5.58659e-04,5.58659e-04,5.64246e-02,5.64246e-02,5.58659e-04,5.58659e-04,8.99441e-02
3.35165e-02,1.65385e-01,5.49451e-04,3.41209e-01,5.49451e-04,6.04396e-03,1.15385e-02,1.70879e-01,5.49451e-04,5.49451e-04,5.00000e-02,5.49451e-04,5.49451e-04,3.35165e-02,5.49451e-04,5.49451e-04,5.49451e-04,5.49451e-04,5.49451e-04,5.49451e-04,1.70330e-02,5.49451e-04,5.49451e-04,5.49451e-04,3.35165e-02,1.15385e-02,5.49451e-04,5.49451e-04,5.49451e-04,1.15934e-01
1.21965e-01,2.43353e-01,5.78035e-04,5.78035e-04,5.78035e-04,5.78035e-04,5.78035e-04,5.78035e-04,5.78035e-04,1.79191e-02,3.52601e-02,5.78035e-04,5.78035e-04,5.78035e-04,5.78035e-04,5.78035e-04,5.78035e-04,5.78035e-04,5.78035e-04,5.78035e-04,5.78035e-04,1.10405e-01,2.94798e-02,8.15029e-02,5.78035e-04,5.78035e-04,5.78035e-04,2.36994e-02,3.24277e-01,5.78035e-04
7.09677e-03,2.78065e-01,7.09677e-03,1.29677e-01,6.45161e-04,6.45161e-04,6.45161e-04,6.45161e-04,6.45161e-04,6.45161e-04,6.45161e-04,7.09677e-03,6.45161e-04,6.45161e-04,6.45161e-04,1.68387e-01,6.45161e-04,7.16129e-02,6.45161e-04,8.45161e-02,2.00645e-01,6.45161e-04,6.45161e-04,6.45161e-04,1.35484e-02,6.45161e-04,6.45161e-04,6.45161e-04,2.00000e-02,6.45161e-04
3.67470e-02,2.59639e-01,6.02410e-04,6.02410e-04,6.02410e-04,6.02410e-04,6.02410e-04,6.02410e-04,6.02410e-04,6.08434e-02,6.02410e-04,6.68675e-02,6.02410e-04,6.02410e-04,6.02410e-04,1.39157e-01,6.08434e-02,6.02410e-04,1.86747e-02,6.02410e-04,6.62651e-03,6.02410e-04,1.26506e-02,2.29518e-01,6.02410e-04,6.02410e-04,3.67470e-02,1.26506e-02,4.87952e-02,6.02410e-04
9.61783e-02,2.55414e-01,1.33758e-02,6.36943e-04,1.97452e-02,6.36943e-04,6.36943e-04,6.36943e-04,1.33758e-02,6.36943e-04,7.70701e-02,6.36943e-04,6.36943e-04,7.00637e-03,6.36943e-04,6.36943e-04,6.36943e-04,6.36943e-04,6.36943e-04,3.89172e-01,6.36943e-04,6.36943e-04,6.36943e-04,5.15924e-02,6.36943e-04,6.36943e-04,1.97452e-02,6.36943e-04,4.52229e-02,6.36943e-04
5.58659e-04,1.29050e-01,5.58659e-04,5.58659e-04,1.34637e-01,7.31844e-02,5.58659e-04,2.24022e-01,5.58659e-04,5.58659e-04,5.58659e-04,5.58659e-04,5.58659e-04,5.58659e-04,5.58659e-04,5.58659e-04,5.58659e-04,2.29050e-02,5.58659e-04,5.58659e-04,6.20112e-02,5.58659e-04,5.58659e-04,5.58659e-04,5.58659e-04,7.31844e-02,2.84916e-02,5.58659e-04,5.58659e-04,2.40782e-01
1.40500e-01,1.65500e-01,5.50000e-03,5.00000e-04,5.00000e-04,3.55000e-02,5.00000e-04,6.05000e-02,2.55000e-02,5.00000e-04,5.00000e-04,2.05000e-02,5.50000e-03,5.00000e-04,5.00000e-04,5.00000e-04,5.00000e-04,1.25500e-01,1.40500e-01,1.85500e-01,5.00000e-04,5.00000e-04,1.05000e-02,5.00000e-04,4.55000e-02,2.55000e-02,5.00000e-04,5.00000e-04,5.00000e-04,5.00000e-04
3.38983e-04,2.37627e-01,3.38983e-04,3.38983e-04,3.38983e-04,4.10169e-02,3.38983e-04,3.38983e-04,7.11864e-03,3.38983e-04,3.38983e-04,1.05085e-02,3.38983e-04,3.38983e-04,2.74576e-02,4.10169e-02,3.38983e-04,3.38983e-04,3.38983e-04,3.38983e-04,3.38983e-04,2.13898e-01,1.38983e-02,1.15593e-01,3.38983e-04,7.83051e-02,5.11864e-02,1.05085e-02,1.02034e-01,4.44068e-02
4.14938e-04,3.11618e-01,4.14938e-04,1.70124e-02,4.14938e-04,4.14938e-04,4.14938e-04,3.36100e-02,4.14938e-04,4.14938e-04,4.14938e-04,2.11618e-02,4.14938e-04,4.14938e-04,4.14938e-04,4.14938e-04,4.14938e-04,4.14938e-04,4.56432e-03,8.71369e-03,3.77593e-02,4.14938e-04,4.27801e-01,4.14938e-04,5.02075e-02,4.56432e-03,4.14938e-04,4.14938e-04,4.14938e-04,7.51037e-02
5.55556e-04,2.06111e-01,1.33889e-01,5.55556e-04,3.38889e-02,1.72222e-02,5.55556e-04,5.55556e-04,5.55556e-04,5.55556e-04,7.83333e-02,5.55556e-04,5.55556e-04,5.55556e-04,5.55556e-04,5.55556e-04,6.11111e-03,5.55556e-04,5.55556e-04,5.55556e-04,2.28333e-01,5.55556e-04,6.11111e-03,1.95000e-01,5.55556e-04,5.55556e-04,5.55556e-04,1.72222e-02,6.72222e-02,5.55556e-04
2.63158e-04,1.79211e-01,2.13158e-02,2.63158e-04,8.15789e-03,2.63158e-04,2.89474e-03,2.63158e-04,2.63158e-04,2.63158e-04,7.39474e-02,5.52632e-03,2.63158e-04,2.63158e-04,2.63158e-04,2.63158e-04,3.52895e-01,2.63158e-04,2.63158e-04,2.63158e-04,1.07895e-02,2.63158e-04,2.92105e-02,6.07895e-02,2.63158e-04,2.92105e-02,2.63158e-04,1.92368e-01,2.92105e-02,2.63158e-04
5.26316e-04,3.37368e-01,5.78947e-03,1.10526e-02,5.26316e-04,5.26316e-04,5.26316e-04,5.26316e-04,5.26316e-04,5.26316e-04,7.42105e-02,5.26316e-04,5.26316e-04,5.26316e-04,5.26316e-04,1.63158e-02,5.26316e-04,5.26316e-04,5.26316e-04,5.26316e-04,3.73684e-02,5.26316e-04,4.26842e-01,1.10526e-02,2.68421e-02,2.15789e-02,5.26316e-04,2.15789e-02,5.26316e-04,5.26316e-04
3.86100e-04,2.01158e-01,2.74131e-02,3.86100e-04,8.91892e-02,3.86100e-04,3.86100e-04,3.86100e-04,4.24710e-03,3.86100e-04,5.05792e-02,1.58301e-02,3.86100e-04,3.86100e-04,3.86100e-04,3.86100e-04,3.86100e-04,3.86100e-04,1.96911e-02,3.86100e-04,5.83012e-02,2.28185e-01,5.83012e-02,3.86100e-04,1.77992e-01,3.86100e-04,3.86100e-04,8.10811e-03,5.05792e-02,4.24710e-03
4.76190e-04,2.24286e-01,4.76190e-04,7.19048e-02,4.76190e-04,4.76190e-04,4.76190e-04,2.90476e-02,4.76190e-04,4.76190e-04,1.52857e-01,4.76190e-04,1.95714e-01,1.38571e-01,4.76190e-04,4.76190e-04,4.76190e-04,4.76190e-04,4.76190e-04,4.76190e-04,4.80952e-02,5.23810e-03,4.76190e-04,4.76190e-04,9.57143e-02,2.90476e-02,4.76190e-04,4.76190e-04,4.76190e-04,4.76190e-04
4.40493e-01,1.72887e-01,3.52113e-04,3.52113e-04,3.52113e-04,8.48592e-02,3.52113e-04,3.52113e-04,3.52113e-04,3.52113e-04,1.79577e-02,3.55634e-02,3.52113e-04,3.52113e-04,3.52113e-04,3.52113e-04,2.14789e-02,4.26056e-02,3.52113e-04,1.79577e-02,1.79577e-02,3.52113e-04,3.52113e-04,3.52113e-04,3.52113e-04,3.52113e-04,7.39437e-03,3.52113e-04,1.34155e-01,3.52113e-04
1.93651e-02,1.97143e-01,3.17460e-04,3.17460e-04,3.49206e-03,3.17460e-04,3.49206e-03,3.17460e-04,3.17460e-04,3.17460e-04,1.24127e-01,3.17460e-04,3.17460e-04,6.66667e-03,3.17460e-04,2.57143e-02,3.17460e-04,3.17460e-04,3.17460e-04,3.17460e-04,3.17460e-04,4.60635e-01,3.17460e-04,3.17460e-04,3.17460e-04,6.38095e-02,8.92063e-02,3.17460e-04,3.17460e-04,3.17460e-04
1.14154e-01,2.37231e-01,3.07692e-04,1.56923e-02,3.38462e-03,7.10769e-02,3.07692e-04,3.38462e-03,3.07692e-04,1.57231e-01,2.49231e-02,3.07692e-04,3.07692e-04,3.07692e-04,3.10769e-02,3.07692e-04,3.07692e-04,8.33846e-02,1.72615e-01,3.07692e-04,3.07692e-04,3.07692e-04,3.07692e-04,3.07692e-04,3.07692e-04,9.53846e-03,3.07692e-04,6.46154e-03,6.49231e-02,3.07692e-04
1.52416e-02,1.97398e-01,3.71747e-04,3.71747e-04,3.71747e-04,1.45353e-01,3.71747e-04,3.71747e-04,4.12639e-02,7.80669e-03,3.71747e-04,1.82528e-01,3.75465e-02,3.71747e-04,3.71747e-04,3.71747e-04,3.71747e-04,3.71747e-04,3.71747e-04,3.71747e-04,3.71747e-04,3.71747e-04,3.71747e-04,4.08922e-03,1.37918e-01,3.71747e-04,3.71747e-04,3.71747e-04,1.49071e-01,7.47212e-02
7.24638e-04,1.74638e-01,9.49275e-02,3.69565e-02,1.81884e-01,7.24638e-04,7.24638e-04,7.24638e-04,7.31884e-02,7.24638e-04,1.02174e-01,7.24638e-04,7.24638e-04,7.24638e-04,1.52174e-02,7.31884e-02,7.24638e-04,2.24638e-02,7.24638e-04,7.24638e-04,1.60145e-01,7.24638e-04,7.24638e-04,4.42029e-02,7.24638e-04,7.24638e-04,7.24638e-04,7.24638e-04,7.97101e-03,7.24638e-04
2.13158e-02,1.76579e-01,2.89474e-03,2.34474e-01,2.65789e-02,7.92105e-02,2.63158e-04,2.13158e-02,2.63158e-04,2.89474e-03,2.63158e-04,1.07895e-02,2.63158e-04,2.63158e-04,6.07895e-02,2.63158e-04,5.52632e-03,1.95000e-01,2.63158e-04,2.63158e-04,2.63158e-04,2.63158e-04,5.55263e-02,2.63158e-04,3.97368e-02,3.71053e-02,1.34211e-02,2.63158e-04,1.34211e-02,2.63158e-04
3.74532e-04,1.76404e-01,6.40449e-02,3.74532e-04,9.40075e-02,3.74532e-04,3.74532e-04,3.74532e-04,3.74532e-04,3.74532e-04,3.74532e-04,4.11985e-03,3.74532e-04,3.74532e-04,7.86517e-03,2.96255e-01,4.53184e-02,4.11985e-03,3.74532e-04,3.74532e-04,1.87640e-01,3.74532e-04,3.74532e-04,8.27715e-02,1.91011e-02,3.74532e-04,3.74532e-04,1.16105e-02,3.74532e-04,3.74532e-04
4.73934e-04,2.42180e-01,4.73934e-04,4.73934e-04,2.89100e-02,4.73934e-04,5.21327e-03,4.73934e-04,4.73934e-04,4.73934e-04,4.73934e-04,4.73934e-04,4.73934e-04,4.73934e-04,4.73934e-04,7.63033e-02,4.73934e-04,4.73934e-04,4.73934e-04,4.73934e-04,8.57820e-02,4.73934e-04,5.02844e-01,1.46919e-02,4.73934e-04,4.73934e-04,4.73934e-04,4.73934e-04,3.36493e-02,4.73934e-04
3.87597e-04,2.87209e-01,8.13953e-03,1.20155e-02,3.87597e-04,4.30233e-02,3.87597e-04,3.87597e-04,3.87597e-04,1.20155e-02,3.91473e-02,3.87597e-04,3.10465e-01,3.87597e-04,3.87597e-04,3.87597e-04,4.30233e-02,8.13953e-03,9.34109e-02,2.36434e-02,3.87597e-04,3.87597e-04,3.87597e-04,3.87597e-04,1.97674e-02,8.13953e-03,3.87597e-04,3.87597e-04,3.87597e-04,8.56589e-02
6.21118e-04,2.67702e-01,6.21118e-04,6.21118e-04,6.21118e-04,3.78882e-02,6.21118e-04,5.03106e-02,6.21118e-04,6.21118e-04,6.21118e-04,1.37267e-01,1.06211e-01,3.16770e-02,6.21118e-04,6.21118e-04,6.21118e-04,6.21118e-04,6.21118e-04,6.21118e-04,6.21118e-04,6.21118e-04,6.21118e-04,6.21118e-04,6.21118e-04,6.83230e-03,3.16770e-02,4.40994e-02,6.83230e-03,2.67702e-01
2.40700e-03,2.49672e-01,2.18818e-04,3.59081e-01,1.77243e-02,1.33479e-02,4.59519e-03,7.02407e-02,8.97155e-03,2.18818e-04,3.30416e-02,2.18818e-04,4.59519e-03,2.86652e-02,6.78337e-03,2.18818e-04,2.18818e-04,2.18818e-04,2.18818e-04,2.18818e-04,2.18818e-04,2.18818e-04,4.61707e-02,2.40700e-03,5.49234e-02,6.80525e-02,2.18818e-04,2.18818e-04,1.99125e-02,6.78337e-03
5.43478e-04,3.15761e-01,5.43478e-04,5.43478e-04,5.43478e-04,2.94022e-01,1.68478e-02,5.43478e-04,5.43478e-04,5.97826e-03,3.85870e-02,5.43478e-04,5.43478e-04,7.11957e-02,5.43478e-04,5.43478e-04,5.43478e-04,5.43478e-04,5.97826e-03,3.31522e-02,2.22826e-02,5.43478e-04,5.43478e-04,5.43478e-04,4.40217e-02,6.57609e-02,5.43478e-04,5.43478e-04,7.66304e-02,5.43478e-04
1.37097e-02,1.75000e-01,2.95699e-03,2.68817e-04,5.13441e-02,2.68817e-04,2.68817e-04,1.10215e-02,4.59677e-02,2.68817e-04,5.13441e-02,2.68817e-04,2.68817e-04,2.68817e-04,2.68817e-04,8.33333e-03,2.68817e-04,2.68817e-04,2.68817e-04,2.68817e-04,2.95699e-03,2.68817e-04,2.68817e-04,2.68817e-04,1.26613e-01,1.07796e-01,2.68817e-04,2.68817e-04,3.25269e-02,3.65860e-01
2.32955e-02,2.67614e-01,5.68182e-04,5.68182e-04,5.68182e-04,1.71023e-01,5.68182e-04,5.68182e-04,5.68182e-04,5.68182e-04,1.76136e-02,5.73864e-02,5.68182e-04,1.19318e-02,5.68182e-04,5.68182e-04,5.68182e-04,5.68182e-04,5.68182e-04,5.68182e-04,1.19318e-02,5.68182e-04,5.68182e-04,5.68182e-04,5.68182e-04,1.31250e-01,5.68182e-04,5.68182e-04,5.68182e-04,2.96023e-01
4.91071e-03,2.99554e-01,4.46429e-04,4.46429e-04,4.46429e-04,2.72768e-01,4.46429e-04,4.46429e-04,4.46429e-04,4.46429e-04,4.95536e-02,1.83036e-02,4.06250e-02,4.46429e-04,4.46429e-04,4.46429e-04,4.46429e-04,4.46429e-04,4.91071e-03,4.46429e-04,4.46429e-04,4.46429e-04,4.46429e-04,2.27679e-02,4.46429e-04,4.46429e-04,1.92411e-01,4.91071e-03,4.46429e-04,8.08036e-02
5.36585e-03,3.46829e-01,4.87805e-04,1.02439e-02,4.87805e-04,2.00000e-02,4.87805e-04,3.46341e-02,4.87805e-04,5.36585e-03,5.90244e-02,4.87805e-04,4.87805e-04,2.44390e-01,4.87805e-04,4.87805e-04,4.87805e-04,4.87805e-04,4.87805e-04,4.87805e-04,4.87805e-04,4.87805e-04,4.87805e-04,5.36585e-03,4.87805e-04,6.39024e-02,4.87805e-04,5.36585e-03,4.87805e-04,1.90732e-01
2.95858e-04,2.69527e-01,9.17160e-03,1.50888e-02,2.95858e-04,8.31361e-02,2.95858e-04,2.95858e-04,2.95858e-04,2.95858e-04,8.31361e-02,2.31065e-01,2.95858e-04,2.10059e-02,2.95858e-04,2.95858e-04,2.95858e-04,2.95858e-04,2.95858e-04,2.95858e-04,2.95858e-04,1.50888e-02,1.80473e-02,2.95858e-04,9.17160e-03,5.05917e-02,2.95858e-04,2.95858e-04,2.95858e-04,1.89645e-01
2.85714e-04,2.17429e-01,2.85714e-04,2.85714e-04,4.02857e-02,5.45714e-02,2.85714e-04,2.85714e-04,2.85714e-04,2.88571e-02,1.11714e-01,2.85714e-04,3.14286e-03,2.85714e-04,2.85714e-04,1.28857e-01,2.85714e-04,2.85714e-04,2.85714e-04,3.14286e-03,2.85714e-04,2.85714e-04,5.17143e-02,2.57429e-01,2.85714e-04,1.74286e-02,7.45714e-02,2.85714e-04,2.85714e-04,6.00000e-03
6.86747e-02,2.25301e-01,4.01606e-04,8.43373e-03,3.65462e-02,1.61044e-01,4.41767e-03,1.24498e-02,4.01606e-04,4.01606e-04,4.05622e-02,4.41767e-03,4.01606e-04,4.01606e-04,4.01606e-04,4.41767e-03,1.24498e-02,4.01606e-04,4.01606e-04,1.24498e-02,4.01606e-04,4.45783e-02,2.04819e-02,4.01606e-04,6.46586e-02,2.44980e-02,2.25301e-01,1.24498e-02,1.24498e-02,4.01606e-04
4.46429e-04,2.19196e-01,4.46429e-04,4.46429e-04,4.46429e-04,2.63839e-01,4.46429e-04,6.74107e-02,9.37500e-03,4.91071e-03,7.63393e-02,4.06250e-02,2.41518e-01,4.46429e-04,4.46429e-04,4.46429e-04,4.91071e-03,4.46429e-04,4.46429e-04,4.46429e-04,4.46429e-04,4.46429e-04,4.46429e-04,4.46429e-04,4.46429e-04,2.72321e-02,3.16964e-02,4.46429e-04,4.91071e-03,4.46429e-04
5.49451e-04,2.80769e-01,5.49451e-04,5.49451e-04,5.49451e-04,6.64835e-02,5.49451e-04,5.49451e-04,5.49451e-04,5.49451e-04,5.54945e-02,1.70330e-02,5.49451e-04,1.04945e-01,5.49451e-04,5.49451e-04,5.49451e-04,5.49451e-04,5.49451e-04,5.49451e-04,5.49451e-04,5.49451e-04,5.49451e-04,5.49451e-04,5.49451e-04,2.25275e-02,1.10440e-01,5.49451e-04,5.49451e-04,3.30220e-01
2.51256e-04,2.99246e-01,2.76382e-03,2.51256e-04,2.51256e-04,2.78894e-02,1.03015e-02,2.51256e-04,2.51256e-04,2.76382e-03,6.30653e-02,2.28643e-02,1.03015e-02,1.15829e-01,2.51256e-04,2.51256e-04,2.51256e-04,2.51256e-04,2.51256e-04,7.78894e-03,2.76382e-03,2.51256e-04,2.51256e-04,2.51256e-04,9.07035e-02,3.04020e-02,1.13317e-01,2.51256e-04,2.51256e-04,1.96231e-01
5.46448e-04,2.90164e-01,5.46448e-04,5.46448e-04,5.46448e-04,7.70492e-02,1.69399e-02,6.01093e-03,5.46448e-04,5.46448e-04,6.61202e-02,5.46448e-04,7.70492e-02,4.42623e-02,5.46448e-04,5.46448e-04,5.46448e-04,5.46448e-04,5.46448e-04,6.01093e-03,5.46448e-04,5.46448e-04,5.46448e-04,5.46448e-04,2.78689e-02,2.78689e-02,2.24044e-02,5.46448e-04,5.46448e-04,3.28415e-01
2.14592e-04,2.77039e-01,2.14592e-04,2.14592e-04,4.50644e-03,1.46137e-01,2.14592e-04,2.14592e-04,2.36052e-03,2.14592e-04,4.95708e-02,2.14592e-04,3.13519e-01,2.16738e-02,1.52361e-02,1.95279e-02,2.14592e-04,2.59657e-02,2.14592e-04,2.14592e-04,2.14592e-04,2.36052e-03,1.95279e-02,2.14592e-04,2.14592e-04,7.53219e-02,2.14592e-04,4.50644e-03,1.95279e-02,2.14592e-04
1.59761e-01,2.11554e-01,3.98406e-04,3.98406e-04,3.98406e-04,1.31873e-01,3.98406e-04,1.11952e-01,3.98406e-04,7.21116e-02,9.20319e-02,3.98406e-04,1.23506e-02,5.21912e-02,3.98406e-04,3.98406e-04,3.98406e-04,3.98406e-04,3.98406e-04,8.36653e-03,2.03187e-02,3.98406e-04,3.98406e-04,3.98406e-04,3.98406e-04,5.61753e-02,3.98406e-04,8.36653e-03,3.98406e-04,5.61753e-02
5.64516e-03,2.12634e-01,2.68817e-04,2.68817e-04,2.68817e-04,1.88441e-01,2.68817e-04,2.68817e-04,2.68817e-04,4.05914e-02,1.90860e-02,6.20968e-02,1.77688e-01,8.89785e-02,2.68817e-04,2.68817e-04,8.33333e-03,2.68817e-04,2.68817e-04,2.68817e-04,2.68817e-04,2.68817e-04,2.68817e-04,1.37097e-02,4.32796e-02,2.68817e-04,2.68817e-04,1.90860e-02,2.68817e-04,1.15860e-01
2.00000e-02,1.37647e-01,1.60784e-02,5.13725e-02,4.31373e-03,9.84314e-02,8.23529e-03,2.78431e-02,3.92157e-04,3.92157e-04,1.06275e-01,4.31373e-03,3.96078e-02,1.45490e-01,3.92157e-04,3.92157e-04,1.21569e-02,3.92157e-04,3.92157e-04,3.92157e-04,3.92157e-04,3.92157e-04,3.92157e-04,3.92157e-04,2.20000e-01,2.00000e-02,3.92157e-04,3.92157e-04,3.92157e-04,8.27451e-02
3.43643e-04,2.47766e-01,3.43643e-04,3.43643e-04,3.43643e-04,1.58419e-01,3.43643e-04,2.13402e-01,3.43643e-04,1.06529e-02,1.10309e-01,8.62543e-02,1.75258e-02,3.43643e-04,3.43643e-04,3.12715e-02,3.43643e-04,3.43643e-04,3.43643e-04,3.43643e-04,1.06529e-02,3.43643e-04,3.43643e-04,7.21649e-03,3.43643e-04,8.28179e-02,3.78007e-03,3.43643e-04,3.43643e-04,1.40893e-02
3.67647e-04,3.16544e-01,3.67647e-04,7.72059e-03,1.87500e-02,4.81618e-02,3.67647e-04,3.67647e-04,1.13971e-02,3.67647e-04,6.65441e-02,4.04412e-03,3.67647e-04,3.38603e-01,3.67647e-04,3.67647e-04,3.67647e-04,3.67647e-04,3.67647e-04,3.67647e-04,4.04412e-03,3.67647e-04,7.72059e-03,3.67647e-04,3.67647e-04,8.12500e-02,1.87500e-02,3.67647e-04,3.67647e-04,7.02206e-02
3.14465e-04,2.58176e-01,3.14465e-04,4.43396e-02,3.14465e-04,9.46541e-02,1.91824e-02,3.14465e-04,3.45912e-03,1.91824e-02,3.45912e-03,6.60377e-03,3.14465e-04,3.17925e-01,3.14465e-04,3.14465e-04,3.14465e-04,3.14465e-04,3.14465e-04,3.14465e-04,3.17610e-02,3.14465e-04,3.45912e-03,1.91824e-02,6.60377e-03,4.43396e-02,3.14465e-04,2.54717e-02,3.14465e-04,9.77987e-02
2.85714e-04,2.86000e-01,2.85714e-04,6.60000e-02,1.45714e-02,1.17429e-01,6.00000e-03,3.17143e-02,8.85714e-03,2.85714e-04,4.60000e-02,2.85714e-04,1.08857e-01,2.88571e-02,2.85714e-04,2.85714e-04,2.85714e-04,1.74286e-02,1.77429e-01,2.85714e-04,1.17143e-02,2.85714e-04,2.85714e-04,2.85714e-04,4.60000e-02,2.85714e-04,2.85714e-04,2.85714e-04,2.85714e-04,2.88571e-02
8.53191e-02,1.98085e-01,1.51064e-02,2.14894e-02,6.59574e-03,1.72340e-02,2.12766e-04,6.59574e-03,2.12766e-04,8.72340e-03,5.97872e-02,2.12766e-04,2.12766e-04,8.72340e-03,4.91489e-02,8.72340e-03,2.12766e-04,1.70426e-01,2.12766e-04,2.12766e-04,3.85106e-02,2.12766e-04,2.12766e-04,2.12766e-04,6.40426e-02,1.00213e-01,2.12766e-04,2.12766e-04,1.38511e-01,2.12766e-04
4.19847e-03,2.17939e-01,3.81679e-04,3.81679e-04,1.56489e-02,4.61832e-02,3.81679e-04,3.81679e-04,3.81679e-04,3.81679e-04,9.96183e-02,3.01908e-01,4.19847e-03,4.23664e-02,3.81679e-04,3.81679e-04,3.81679e-04,3.81679e-04,3.81679e-04,3.81679e-04,3.81679e-04,3.81679e-04,3.81679e-04,3.81679e-04,3.09160e-02,3.85496e-02,3.81679e-04,3.81679e-04,2.70992e-02,1.64504e-01
